 20 20 1 2
 1 X [MM]
 2 Y [MM]
 3 Z [MM]
 4 BX [TESLA]
 5 BY [TESLA]
 6 B [TESLA]
 0
   50.7500000000        81.0300000000        0.00000000000        1.68282056236       -1.83078378867        2.48669546305     
   52.0373684211        81.0300000000        0.00000000000        1.76376635172       -1.72028781090        2.46379014849     
   53.3247368421        81.0300000000        0.00000000000        1.79995170844       -1.61481734991        2.41815244066     
   54.6121052632        81.0300000000        0.00000000000        1.81510113069       -1.51616168527        2.36502396828     
   55.8994736842        81.0300000000        0.00000000000        1.81608145048       -1.42486593538        2.30833159849     
   57.1868421053        81.0300000000        0.00000000000        1.80692822582       -1.34058096532        2.24992154038     
   58.4742105263        81.0300000000        0.00000000000        1.79018596742       -1.26249877513        2.19058644092     
   59.7615789474        81.0300000000        0.00000000000        1.76742118058       -1.18966605145        2.13051236644     
   61.0489473684        81.0300000000        0.00000000000        1.73953614131       -1.12115351336        2.06953405080     
   62.3363157895        81.0300000000        0.00000000000        1.70697829811       -1.05612608180        2.00728104929     
   63.6236842105        81.0300000000        0.00000000000        1.66987580476      -0.993859182129        1.94325532991     
   64.9110526316        81.0300000000        0.00000000000        1.62811923945      -0.933730230326        1.87686557880     
   66.1984210526        81.0300000000        0.00000000000        1.58140337261      -0.875200556772        1.80743261049     
   67.4857894737        81.0300000000        0.00000000000        1.52923597101      -0.817794745716        1.73417153164     
   68.7731578947        81.0300000000        0.00000000000        1.47091219162      -0.761079939048        1.65614774373     
   70.0605263158        81.0300000000        0.00000000000        1.40543873692      -0.704645503072        1.57219061447     
   71.3478947368        81.0300000000        0.00000000000        1.33135705482      -0.648082373872        1.48071684354     
   72.6352631579        81.0300000000        0.00000000000        1.24629602137      -0.590960925647        1.37930728575     
   73.9226315789        81.0300000000        0.00000000000        1.14547552163      -0.532806249616        1.26332761795     
   75.2100000000        81.0300000000        0.00000000000        1.00714968952      -0.473070856212        1.11272032969     
   50.7500000000        82.4668421053        0.00000000000        1.68444736641       -1.92288294348        2.55633365282     
   52.0373684211        82.4668421053        0.00000000000        1.72972776711       -1.76871775607        2.47392818185     
   53.3247368421        82.4668421053        0.00000000000        1.75138149368       -1.63554645643        2.39631995934     
   54.6121052632        82.4668421053        0.00000000000        1.75431297404       -1.51849913507        2.32022706519     
   55.8994736842        82.4668421053        0.00000000000        1.74459424104       -1.41466050149        2.24607956233     
   57.1868421053        82.4668421053        0.00000000000        1.72642757278       -1.32150602556        2.17415048689     
   58.4742105263        82.4668421053        0.00000000000        1.70234254992       -1.23676513183        2.10417635871     
   59.7615789474        82.4668421053        0.00000000000        1.67373192829       -1.15851999463        2.03557047182     
   61.0489473684        82.4668421053        0.00000000000        1.64127442183       -1.08521420838        1.96760555138     
   62.3363157895        82.4668421053        0.00000000000        1.60520655104       -1.01559983285        1.89950811843     
   63.6236842105        82.4668421053        0.00000000000        1.56548261523      -0.948667399429        1.83049328142     
   64.9110526316        82.4668421053        0.00000000000        1.52186238283      -0.883578916406        1.75976612474     
   66.1984210526        82.4668421053        0.00000000000        1.47395269688      -0.819608243154        1.68650355021     
   67.4857894737        82.4668421053        0.00000000000        1.42121693195      -0.756085508141        1.60982075502     
   68.7731578947        82.4668421053        0.00000000000        1.36295664611      -0.692336786276        1.52871875922     
   70.0605263158        82.4668421053        0.00000000000        1.29826043788      -0.627600628872        1.44199955407     
   71.3478947368        82.4668421053        0.00000000000        1.22590366856      -0.560875461055        1.34811760889     
   72.6352631579        82.4668421053        0.00000000000        1.14417786619      -0.490556288707        1.24490500114     
   73.9226315789        82.4668421053        0.00000000000        1.05079642506      -0.413354317812        1.12917444134     
   75.2100000000        82.4668421053        0.00000000000       0.945118613354      -0.321516106417       0.998309471053     
   50.7500000000        83.9036842105        0.00000000000        1.70728549265       -1.97246269134        2.60872245019     
   52.0373684211        83.9036842105        0.00000000000        1.72809574133       -1.79230257311        2.48971151035     
   53.3247368421        83.9036842105        0.00000000000        1.72592078798       -1.63654738250        2.37846376923     
   54.6121052632        83.9036842105        0.00000000000        1.70878462136       -1.50442127205        2.27667042981     
   55.8994736842        83.9036842105        0.00000000000        1.68324210397       -1.39120913219        2.18375063367     
   57.1868421053        83.9036842105        0.00000000000        1.65304642360       -1.29204074194        2.09807811042     
   58.4742105263        83.9036842105        0.00000000000        1.61998192104       -1.20302905906        2.01782564693     
   59.7615789474        83.9036842105        0.00000000000        1.58474123930       -1.12129594089        1.94131640455     
   61.0489473684        83.9036842105        0.00000000000        1.54745218626       -1.04473438259        1.86710422819     
   62.3363157895        83.9036842105        0.00000000000        1.50795055409      -0.971774817436        1.79395127286     
   63.6236842105        83.9036842105        0.00000000000        1.46591350117      -0.901206989072        1.72077785611     
   64.9110526316        83.9036842105        0.00000000000        1.42092128787      -0.832050910610        1.64661046522     
   66.1984210526        83.9036842105        0.00000000000        1.37248201408      -0.763460293516        1.57053446277     
   67.4857894737        83.9036842105        0.00000000000        1.32003649080      -0.694642219188        1.49165148400     
   68.7731578947        83.9036842105        0.00000000000        1.26295270269      -0.624776923103        1.40904071370     
   70.0605263158        83.9036842105        0.00000000000        1.20051906615      -0.552917097373        1.32172740940     
   71.3478947368        83.9036842105        0.00000000000        1.13195911500      -0.477834122219        1.22868095386     
   72.6352631579        83.9036842105        0.00000000000        1.05654461430      -0.397763889920        1.12893872027     
   73.9226315789        83.9036842105        0.00000000000       0.974048825962      -0.310070829766        1.02221085634     
   75.2100000000        83.9036842105        0.00000000000       0.885916686862      -0.211403457890       0.910790754273     
   50.7500000000        85.3405263158        0.00000000000        1.76595146202       -2.00000332649        2.66807006509     
   52.0373684211        85.3405263158        0.00000000000        1.75611429603       -1.78301787685        2.50261666459     
   53.3247368421        85.3405263158        0.00000000000        1.71850093739       -1.60736255510        2.35305330483     
   54.6121052632        85.3405263158        0.00000000000        1.67301856103       -1.46686301597        2.22501195799     
   55.8994736842        85.3405263158        0.00000000000        1.62724566596       -1.35053243140        2.11467877127     
   57.1868421053        85.3405263158        0.00000000000        1.58300692120       -1.25016717023        2.01713382453     
   58.4742105263        85.3405263158        0.00000000000        1.54021598161       -1.16040630182        1.92842113018     
   59.7615789474        85.3405263158        0.00000000000        1.49824452442       -1.07775434662        1.84561401344     
   61.0489473684        85.3405263158        0.00000000000        1.45635684679      -0.999851323177        1.76654406502     
   62.3363157895        85.3405263158        0.00000000000        1.41383664987      -0.925024914604        1.68955768328     
   63.6236842105        85.3405263158        0.00000000000        1.37001440639      -0.852020649747        1.61334393770     
   64.9110526316        85.3405263158        0.00000000000        1.32426367178      -0.779833138375        1.53681944160     
   66.1984210526        85.3405263158        0.00000000000        1.27598964952      -0.707592429480        1.45905333417     
   67.4857894737        85.3405263158        0.00000000000        1.22461923875      -0.634478013642        1.37922247288     
   68.7731578947        85.3405263158        0.00000000000        1.16959923077      -0.559642528761        1.29659635994     
   70.0605263158        85.3405263158        0.00000000000        1.11041327336      -0.482132194834        1.21056560787     
   71.3478947368        85.3405263158        0.00000000000        1.04664019770      -0.400797592953        1.12075617953     
   72.6352631579        85.3405263158        0.00000000000       0.978097066905      -0.314211808671        1.02732805520     
   73.9226315789        85.3405263158        0.00000000000       0.905114948815      -0.220686307158       0.931630568807     
   75.2100000000        85.3405263158        0.00000000000       0.828866631563      -0.118588926791       0.837307127926     
   50.7500000000        86.7773684211        0.00000000000        1.90046254855       -1.99197568550        2.75313004235     
   52.0373684211        86.7773684211        0.00000000000        1.81507455688       -1.71565690147        2.49759369206     
   53.3247368421        86.7773684211        0.00000000000        1.71781836843       -1.53416401398        2.30316286196     
   54.6121052632        86.7773684211        0.00000000000        1.63648223595       -1.40005112429        2.15365207478     
   55.8994736842        86.7773684211        0.00000000000        1.56899063354       -1.29063587488        2.03161821454     
   57.1868421053        86.7773684211        0.00000000000        1.51107380146       -1.19550165233        1.92680259346     
   58.4742105263        86.7773684211        0.00000000000        1.45941904446       -1.10918084839        1.83308104070     
   59.7615789474        86.7773684211        0.00000000000        1.41165592104       -1.02845118722        1.74656356423     
   61.0489473684        86.7773684211        0.00000000000        1.36606607852      -0.951230578635        1.66462492610     
   62.3363157895        86.7773684211        0.00000000000        1.32135975398      -0.876062740242        1.58539506884     
   63.6236842105        86.7773684211        0.00000000000        1.27652968928      -0.801849171448        1.50747807326     
   64.9110526316        86.7773684211        0.00000000000        1.23075875101      -0.727694674788        1.42979251743     
   66.1984210526        86.7773684211        0.00000000000        1.18336294725      -0.652808797423        1.35148332987     
   67.4857894737        86.7773684211        0.00000000000        1.13375972508      -0.576435471533        1.27188402265     
   68.7731578947        86.7773684211        0.00000000000        1.08145835285      -0.497796860850        1.19052672529     
   70.0605263158        86.7773684211        0.00000000000        1.02607514163      -0.416045869350        1.10721468635     
   71.3478947368        86.7773684211        0.00000000000       0.967381470228      -0.330231568215        1.02219362040     
   72.6352631579        86.7773684211        0.00000000000       0.905392080914      -0.239298292682       0.936481976903     
   73.9226315789        86.7773684211        0.00000000000       0.840480202649      -0.142160859482       0.852418137426     
   75.2100000000        86.7773684211        0.00000000000       0.773448763385      -3.789406528352E-002  0.774376490970     
   50.7500000000        88.2142105263        0.00000000000        2.20386415377       -1.74633405976        2.81188546291     
   52.0373684211        88.2142105263        0.00000000000        1.86045620688       -1.53656980400        2.41295338958     
   53.3247368421        88.2142105263        0.00000000000        1.69400417086       -1.40819749059        2.20287773229     
   54.6121052632        88.2142105263        0.00000000000        1.58267796547       -1.30483672495        2.05121145208     
   55.8994736842        88.2142105263        0.00000000000        1.49908527589       -1.21392634536        1.92895667042     
   57.1868421053        88.2142105263        0.00000000000        1.43156169574       -1.13031850390        1.82400351123     
   58.4742105263        88.2142105263        0.00000000000        1.37392458156       -1.05123235331        1.72995902162     
   59.7615789474        88.2142105263        0.00000000000        1.32246011154      -0.974912961636        1.64297170681     
   61.0489473684        88.2142105263        0.00000000000        1.27474249572      -0.900132297793        1.56051484579     
   62.3363157895        88.2142105263        0.00000000000        1.22908436237      -0.825958130492        1.48082922822     
   63.6236842105        88.2142105263        0.00000000000        1.18425163682      -0.751628769126        1.40263956378     
   64.9110526316        88.2142105263        0.00000000000        1.13930527957      -0.676476270036        1.32500440150     
   66.1984210526        88.2142105263        0.00000000000        1.09351089947      -0.599874320831        1.24724307497     
   67.4857894737        88.2142105263        0.00000000000        1.04628919063      -0.521199956668        1.16891850240     
   68.7731578947        88.2142105263        0.00000000000       0.997194953786      -0.439804736394        1.08987429643     
   70.0605263158        88.2142105263        0.00000000000       0.945919841382      -0.354995748417        1.01033970907     
   71.3478947368        88.2142105263        0.00000000000       0.892316506664      -0.266032177131       0.931129350485     
   72.6352631579        88.2142105263        0.00000000000       0.836438389907      -0.172148894593       0.853969801586     
   73.9226315789        88.2142105263        0.00000000000       0.778577572061      -7.262008186961E-002  0.781956975803     
   75.2100000000        88.2142105263        0.00000000000       0.719267146886       3.313783651445E-002  0.720030099925     
   50.7500000000        89.6510526316        0.00000000000        2.01614194543       -1.23326771457        2.36342497235     
   52.0373684211        89.6510526316        0.00000000000        1.77034110313       -1.29394846062        2.19280875595     
   53.3247368421        89.6510526316        0.00000000000        1.61086552412       -1.25554085433        2.04236886328     
   54.6121052632        89.6510526316        0.00000000000        1.49696635704       -1.19521687844        1.91558128531     
   55.8994736842        89.6510526316        0.00000000000        1.41020745149       -1.12852897331        1.80617349660     
   57.1868421053        89.6510526316        0.00000000000        1.34023761030       -1.05969633631        1.70856465410     
   58.4742105263        89.6510526316        0.00000000000        1.28101546555      -0.989943136162        1.61894658214     
   59.7615789474        89.6510526316        0.00000000000        1.22876002670      -0.919520193097        1.53472101332     
   61.0489473684        89.6510526316        0.00000000000        1.18095713629      -0.848315759038        1.45406306080     
   62.3363157895        89.6510526316        0.00000000000        1.13585077344      -0.776068070696        1.37565934369     
   63.6236842105        89.6510526316        0.00000000000        1.09216552556      -0.702443706175        1.29855792923     
   64.9110526316        89.6510526316        0.00000000000        1.04894759242      -0.627064911087        1.22208897154     
   66.1984210526        89.6510526316        0.00000000000        1.00547148189      -0.549516362255        1.14583643391     
   67.4857894737        89.6510526316        0.00000000000       0.961186383596      -0.469344232541        1.06965567947     
   68.7731578947        89.6510526316        0.00000000000       0.915688950229      -0.386054437196       0.993742563268     
   70.0605263158        89.6510526316        0.00000000000       0.868715156877      -0.299115338572       0.918768746506     
   71.3478947368        89.6510526316        0.00000000000       0.820145613823      -0.207970489962       0.846103157167     
   72.6352631579        89.6510526316        0.00000000000       0.770016906691      -0.112066994817       0.778129197446     
   73.9226315789        89.6510526316        0.00000000000       0.718527379573      -1.090217789744E-002  0.718610083897     
   75.2100000000        89.6510526316        0.00000000000       0.666022883823       9.591714746699E-002  0.672894182583     
   50.7500000000        91.0878947368        0.00000000000        1.69697643105       -1.06002010412        2.00084272962     
   52.0373684211        91.0878947368        0.00000000000        1.58290949543       -1.12126031224        1.93980080383     
   53.3247368421        91.0878947368        0.00000000000        1.47293191442       -1.12170402117        1.85141792570     
   54.6121052632        91.0878947368        0.00000000000        1.37895997420       -1.09149989493        1.75866501389     
   55.8994736842        91.0878947368        0.00000000000        1.30122651865       -1.04519379253        1.66901782998     
   57.1868421053        91.0878947368        0.00000000000        1.23597297419      -0.990006331519        1.58358508750     
   58.4742105263        91.0878947368        0.00000000000        1.17969121943      -0.929404841504        1.50182047283     
   59.7615789474        91.0878947368        0.00000000000        1.12967780371      -0.865065930625        1.42285312121     
   61.0489473684        91.0878947368        0.00000000000        1.08392116007      -0.797782250783        1.34586091440     
   62.3363157895        91.0878947368        0.00000000000        1.04092231893      -0.727882974977        1.27017042136     
   63.6236842105        91.0878947368        0.00000000000       0.999552797482      -0.655435874538        1.19528322191     
   64.9110526316        91.0878947368        0.00000000000       0.958955310815      -0.580348001108        1.12089209585     
   66.1984210526        91.0878947368        0.00000000000       0.918477515259      -0.502417794060        1.04691192840     
   67.4857894737        91.0878947368        0.00000000000       0.877629599938      -0.421363996029       0.973540616429     
   68.7731578947        91.0878947368        0.00000000000       0.836059122715      -0.336844831633       0.901365240773     
   70.0605263158        91.0878947368        0.00000000000       0.793538203077      -0.248475507227       0.831530490982     
   71.3478947368        91.0878947368        0.00000000000       0.749958553692      -0.155849494778       0.765981003210     
   72.6352631579        91.0878947368        0.00000000000       0.705329022777      -5.856688070592E-002  0.707756391625     
   73.9226315789        91.0878947368        0.00000000000       0.659769271889       4.372998857612E-002  0.661216911482     
   75.2100000000        91.0878947368        0.00000000000       0.613493445896       0.151317839950       0.631879178993     
   50.7500000000        92.5247368421        0.00000000000        1.46277604326      -0.943076364468        1.74043292946     
   52.0373684211        92.5247368421        0.00000000000        1.38065491902       -1.01452875356        1.71332326116     
   53.3247368421        92.5247368421        0.00000000000        1.30939979138       -1.02281904512        1.66153140588     
   54.6121052632        92.5247368421        0.00000000000        1.23973014599       -1.00599572696        1.59654572046     
   55.8994736842        92.5247368421        0.00000000000        1.17666426883      -0.972059523678        1.52624982199     
   57.1868421053        92.5247368421        0.00000000000        1.12066563819      -0.926655634086        1.45416028580     
   58.4742105263        92.5247368421        0.00000000000        1.07069397408      -0.873322564708        1.38169384748     
   59.7615789474        92.5247368421        0.00000000000        1.02540181734      -0.814175155475        1.30932428023     
   61.0489473684        92.5247368421        0.00000000000       0.983533179478      -0.750447765984        1.23713756899     
   62.3363157895        92.5247368421        0.00000000000       0.944028160757      -0.682835173963        1.16509786847     
   63.6236842105        92.5247368421        0.00000000000       0.906028547861      -0.611692858585        1.09318611535     
   64.9110526316        92.5247368421        0.00000000000       0.868854946579      -0.537153540440        1.02149050128     
   66.1984210526        92.5247368421        0.00000000000       0.831979956595      -0.459196446004       0.950290494637     
   67.4857894737        92.5247368421        0.00000000000       0.795005249911      -0.377690854706       0.880161194961     
   68.7731578947        92.5247368421        0.00000000000       0.757644353019      -0.292426772716       0.812119685184     
   70.0605263158        92.5247368421        0.00000000000       0.719710561489      -0.203140572849       0.747829783210     
   71.3478947368        92.5247368421        0.00000000000       0.681108209785      -0.109540448765       0.689860495573     
   72.6352631579        92.5247368421        0.00000000000       0.641824750830      -1.133408773142E-002  0.641924818279     
   73.9226315789        92.5247368421        0.00000000000       0.601920753617       9.174144246623E-002  0.608871978252     
   75.2100000000        92.5247368421        0.00000000000       0.561515512734       0.199890162888       0.596033344923     
   50.7500000000        93.9615789474        0.00000000000        1.22573024028      -0.913063561694        1.52843046608     
   52.0373684211        93.9615789474        0.00000000000        1.18359653751      -0.950672469839        1.51811689553     
   53.3247368421        93.9615789474        0.00000000000        1.13945499963      -0.954865256201        1.48664903514     
   54.6121052632        93.9615789474        0.00000000000        1.09068957370      -0.941140872943        1.44060747218     
   55.8994736842        93.9615789474        0.00000000000        1.04278274352      -0.912681974489        1.38577928861     
   57.1868421053        93.9615789474        0.00000000000       0.997716665783      -0.872846290165        1.32563161981     
   58.4742105263        93.9615789474        0.00000000000       0.955864072453      -0.824280430697        1.26218633864     
   59.7615789474        93.9615789474        0.00000000000       0.916897990091      -0.768866365332        1.19660244525     
   61.0489473684        93.9615789474        0.00000000000       0.880246105175      -0.707875430131        1.12956665596     
   62.3363157895        93.9615789474        0.00000000000       0.845301867904      -0.642132999863        1.06154134983     
   63.6236842105        93.9615789474        0.00000000000       0.811513592084      -0.572145742134       0.992927520204     
   64.9110526316        93.9615789474        0.00000000000       0.778415976556      -0.498190753824       0.924189082252     
   66.1984210526        93.9615789474        0.00000000000       0.745636001033      -0.420376713781       0.855972912846     
   67.4857894737        93.9615789474        0.00000000000       0.712888368447      -0.338687025466       0.789252004803     
   68.7731578947        93.9615789474        0.00000000000       0.679967339865      -0.253012643464       0.725514287272     
   70.0605263158        93.9615789474        0.00000000000       0.646737709704      -0.163179984000       0.667006276081     
   71.3478947368        93.9615789474        0.00000000000       0.613125625695      -6.897748430369E-002  0.616993457197     
   72.6352631579        93.9615789474        0.00000000000       0.579109023877       2.981741733132E-002  0.579876141872     
   73.9226315789        93.9615789474        0.00000000000       0.544707155277       0.133410823780       0.560806858830     
   75.2100000000        93.9615789474        0.00000000000       0.509968936378       0.241966069147       0.564460711377     
   50.7500000000        95.3984210526        0.00000000000        1.04309069280      -0.867381571251        1.35660937029     
   52.0373684211        95.3984210526        0.00000000000       0.999534616295      -0.913066001983        1.35379428760     
   53.3247368421        95.3984210526        0.00000000000       0.971982707249      -0.910269840760        1.33166871488     
   54.6121052632        95.3984210526        0.00000000000       0.939272528989      -0.894696074035        1.29719464561     
   55.8994736842        95.3984210526        0.00000000000       0.904792792906      -0.867311446545        1.25334717593     
   57.1868421053        95.3984210526        0.00000000000       0.870528657395      -0.829735310240        1.20261416440     
   58.4742105263        95.3984210526        0.00000000000       0.837354967044      -0.783628776926        1.14683800114     
   59.7615789474        95.3984210526        0.00000000000       0.805495362048      -0.730402005224        1.08734073202     
   61.0489473684        95.3984210526        0.00000000000       0.774843917519      -0.671147982322        1.02509643970     
   62.3363157895        95.3984210526        0.00000000000       0.745157945111      -0.606664535311       0.960886164728     
   63.6236842105        95.3984210526        0.00000000000       0.716163016197      -0.537500939263       0.895431027761     
   64.9110526316        95.3984210526        0.00000000000       0.687605172115      -0.464004787555       0.829518725282     
   66.1984210526        95.3984210526        0.00000000000       0.659273503620      -0.386362186070       0.764144810491     
   67.4857894737        95.3984210526        0.00000000000       0.631006759641      -0.304631000393       0.700692212824     
   68.7731578947        95.3984210526        0.00000000000       0.602691441915      -0.218769167051       0.641168404251     
   70.0605263158        95.3984210526        0.00000000000       0.574255260027      -0.128660484230       0.588491821414     
   71.3478947368        95.3984210526        0.00000000000       0.545657982608      -3.414001324772E-002  0.546724953233     
   72.6352631579        95.3984210526        0.00000000000       0.516881015045       6.497966671879E-002  0.520949460890     
   73.9226315789        95.3984210526        0.00000000000       0.487916888065       0.168881295175       0.516317520058     
   75.2100000000        95.3984210526        0.00000000000       0.458759873431       0.277716226102       0.536271315391     
   50.7500000000        96.8352631579        0.00000000000       0.853968517767      -0.879484852066        1.22586941978     
   52.0373684211        96.8352631579        0.00000000000       0.825536963347      -0.892500597843        1.21575844435     
   53.3247368421        96.8352631579        0.00000000000       0.809852457672      -0.882458946966        1.19774571436     
   54.6121052632        96.8352631579        0.00000000000       0.789296415244      -0.863306863413        1.16973824915     
   55.8994736842        96.8352631579        0.00000000000       0.766112123062      -0.834695095659        1.13298000327     
   57.1868421053        96.8352631579        0.00000000000       0.741767052645      -0.797208338819        1.08892584498     
   58.4742105263        96.8352631579        0.00000000000       0.717109557876      -0.751777979155        1.03894958874     
   59.7615789474        96.8352631579        0.00000000000       0.692549932556      -0.699377660984       0.984253281308     
   61.0489473684        96.8352631579        0.00000000000       0.668232225646      -0.640875532236       0.925881069691     
   62.3363157895        96.8352631579        0.00000000000       0.644160858583      -0.576976826891       0.864780590959     
   63.6236842105        96.8352631579        0.00000000000       0.620281484388      -0.508212910916       0.801891191308     
   64.9110526316        96.8352631579        0.00000000000       0.596527555567      -0.434951522729       0.738260084032     
   66.1984210526        96.8352631579        0.00000000000       0.572844190635      -0.357415115047       0.675200734011     
   67.4857894737        96.8352631579        0.00000000000       0.549197623861      -0.275701270913       0.614515435801     
   68.7731578947        96.8352631579        0.00000000000       0.525575298838      -0.189803253627       0.558797521322     
   70.0605263158        96.8352631579        0.00000000000       0.501979577285      -9.963091132992E-002  0.511771252127     
   71.3478947368        96.8352631579        0.00000000000       0.478417143225      -5.033221067839E-003  0.478443618670     
   72.6352631579        96.8352631579        0.00000000000       0.454886288760       9.417628184017E-002  0.464532784379     
   73.9226315789        96.8352631579        0.00000000000       0.431364795924       0.198190883312       0.474715929152     
   75.2100000000        96.8352631579        0.00000000000       0.407801366699       0.307180381793       0.510550430066     
   50.7500000000        98.2721052632        0.00000000000       0.688619860845      -0.859111880513        1.10103157811     
   52.0373684211        98.2721052632        0.00000000000       0.660602046585      -0.882029418472        1.10198500852     
   53.3247368421        98.2721052632        0.00000000000       0.653213962618      -0.866873621481        1.08543003302     
   54.6121052632        98.2721052632        0.00000000000       0.642238390752      -0.844078757290        1.06063146241     
   55.8994736842        98.2721052632        0.00000000000       0.628642994880      -0.813281824817        1.02791991010     
   57.1868421053        98.2721052632        0.00000000000       0.613255058699      -0.774610464153       0.987979320733     
   58.4742105263        98.2721052632        0.00000000000       0.596667797153      -0.728591351624       0.941731287482     
   59.7615789474        98.2721052632        0.00000000000       0.579268896484      -0.675915412238       0.890176442586     
   61.0489473684        98.2721052632        0.00000000000       0.561302292626      -0.617281230230       0.834323906467     
   62.3363157895        98.2721052632        0.00000000000       0.542925252615      -0.553306765969       0.775187852842     
   63.6236842105        98.2721052632        0.00000000000       0.524249901090      -0.484488617650       0.713839743518     
   64.9110526316        98.2721052632        0.00000000000       0.505370009508      -0.411189970023       0.651518256043     
   66.1984210526        98.2721052632        0.00000000000       0.486376399688      -0.333643513935       0.589813526942     
   67.4857894737        98.2721052632        0.00000000000       0.467363446586      -0.251960933073       0.530954708991     
   68.7731578947        98.2721052632        0.00000000000       0.448427879276      -0.166145066086       0.478217258050     
   70.0605263158        98.2721052632        0.00000000000       0.429660434946      -7.610408656663E-002  0.436348394463     
   71.3478947368        98.2721052632        0.00000000000       0.411131255254       1.833068319442E-002  0.411539697955     
   72.6352631579        98.2721052632        0.00000000000       0.392871412798       0.117380768313       0.410031939931     
   73.9226315789        98.2721052632        0.00000000000       0.374855239955       0.221288654659       0.435298885368     
   75.2100000000        98.2721052632        0.00000000000       0.356989540076       0.330279531919       0.486339491434     
   50.7500000000        99.7089473684        0.00000000000       0.512874161398      -0.878252804428        1.01703878683     
   52.0373684211        99.7089473684        0.00000000000       0.501230089442      -0.880214809690        1.01292137590     
   53.3247368421        99.7089473684        0.00000000000       0.501010176576      -0.861024923180       0.996180262488     
   54.6121052632        99.7089473684        0.00000000000       0.498358232044      -0.835105643090       0.972503142703     
   55.8994736842        99.7089473684        0.00000000000       0.493327418525      -0.801826362846       0.941433724711     
   57.1868421053        99.7089473684        0.00000000000       0.486181042015      -0.761222532332       0.903234050147     
   58.4742105263        99.7089473684        0.00000000000       0.477203839179      -0.713700462050       0.858540536992     
   59.7615789474        99.7089473684        0.00000000000       0.466678236666      -0.659850849816       0.808202771946     
   61.0489473684        99.7089473684        0.00000000000       0.454877137107      -0.600302771522       0.753177686446     
   62.3363157895        99.7089473684        0.00000000000       0.442060628077      -0.535630757843       0.694491114158     
   63.6236842105        99.7089473684        0.00000000000       0.428475398400      -0.466307239900       0.633272144514     
   64.9110526316        99.7089473684        0.00000000000       0.414357194057      -0.392684686325       0.570870516966     
   66.1984210526        99.7089473684        0.00000000000       0.399934783366      -0.314992964374       0.509085845954     
   67.4857894737        99.7089473684        0.00000000000       0.385432240669      -0.233342398908       0.450562634131     
   68.7731578947        99.7089473684        0.00000000000       0.371066068249      -0.147728119580       0.399391567664     
   70.0605263158        99.7089473684        0.00000000000       0.357034075477      -5.803524198030E-002  0.361720085651     
   71.3478947368        99.7089473684        0.00000000000       0.343494066793       3.595184439645E-002  0.345370393979     
   72.6352631579        99.7089473684        0.00000000000       0.330533642428       0.134529713914       0.356862344192     
   73.9226315789        99.7089473684        0.00000000000       0.318138579052       0.238039255048       0.397334673072     
   75.2100000000        99.7089473684        0.00000000000       0.306172925385       0.346811937467       0.462623367556     
   50.7500000000        101.145789474        0.00000000000       0.342909774349      -0.870808887761       0.935892746177     
   52.0373684211        101.145789474        0.00000000000       0.344634937088      -0.885076179861       0.949806866694     
   53.3247368421        101.145789474        0.00000000000       0.352061444136      -0.863958401169       0.932936964322     
   54.6121052632        101.145789474        0.00000000000       0.357488358706      -0.835491583643       0.908759656316     
   55.8994736842        101.145789474        0.00000000000       0.360672141059      -0.799605869498       0.877185236921     
   57.1868421053        101.145789474        0.00000000000       0.361402566637      -0.756496693696       0.838390757788     
   58.4742105263        101.145789474        0.00000000000       0.359677337478      -0.706689839509       0.792955431509     
   59.7615789474        101.145789474        0.00000000000       0.355680644793      -0.650856731123       0.741702909209     
   61.0489473684        101.145789474        0.00000000000       0.349718246423      -0.589667366097       0.685573084741     
   62.3363157895        101.145789474        0.00000000000       0.342153634463      -0.523706420215       0.625569759619     
   63.6236842105        101.145789474        0.00000000000       0.333364407275      -0.453440069228       0.562796343644     
   64.9110526316        101.145789474        0.00000000000       0.323722550692      -0.379210600174       0.498594995072     
   66.1984210526        101.145789474        0.00000000000       0.313591113058      -0.301239584329       0.434838675092     
   67.4857894737        101.145789474        0.00000000000       0.303326444729      -0.219629888232       0.374491949014     
   68.7731578947        101.145789474        0.00000000000       0.293277652205      -0.134363148947       0.322591439871     
   70.0605263158        101.145789474        0.00000000000       0.283776079902      -4.529198923264E-002  0.287367757087     
   71.3478947368        101.145789474        0.00000000000       0.275106707601       4.786832243241E-002  0.279240177731     
   72.6352631579        101.145789474        0.00000000000       0.267456956737       0.145534488356       0.304488934131     
   73.9226315789        101.145789474        0.00000000000       0.260852674834       0.248215656176       0.360076561218     
   75.2100000000        101.145789474        0.00000000000       0.255110965618       0.356429816131       0.438319311240     
   50.7500000000        102.582631579        0.00000000000       0.172004985219      -0.902264113193       0.918513061908     
   52.0373684211        102.582631579        0.00000000000       0.190184227845      -0.898802788949       0.918703703021     
   53.3247368421        102.582631579        0.00000000000       0.205482598595      -0.875917449944       0.899696880867     
   54.6121052632        102.582631579        0.00000000000       0.219501332847      -0.845238159726       0.873274516849     
   55.8994736842        102.582631579        0.00000000000       0.231171972516      -0.806449371501       0.838928524769     
   57.1868421053        102.582631579        0.00000000000       0.239756918896      -0.760120354528       0.797035967524     
   58.4742105263        102.582631579        0.00000000000       0.245024975554      -0.707152754800       0.748399797746     
   59.7615789474        102.582631579        0.00000000000       0.247152576193      -0.648482349014       0.693983971646     
   61.0489473684        102.582631579        0.00000000000       0.246560765970      -0.584918608441       0.634761364464     
   62.3363157895        102.582631579        0.00000000000       0.243769829411      -0.517090989738       0.571670203351     
   63.6236842105        102.582631579        0.00000000000       0.239310021149      -0.445461726369       0.505673250115     
   64.9110526316        102.582631579        0.00000000000       0.233691584187      -0.370356671272       0.437922162576     
   66.1984210526        102.582631579        0.00000000000       0.227407941866      -0.291983968184       0.370093244602     
   67.4857894737        102.582631579        0.00000000000       0.220946034356      -0.210439343899       0.305125986370     
   68.7731578947        102.582631579        0.00000000000       0.214796508743      -0.125700897723       0.248873975852     
   70.0605263158        102.582631579        0.00000000000       0.209456907673      -3.760461847187E-002  0.212805788226     
   71.3478947368        102.582631579        0.00000000000       0.205405586479       5.420175744857E-002  0.212436544566     
   72.6352631579        102.582631579        0.00000000000       0.203018900300       0.150299694764       0.252599826059     
   73.9226315789        102.582631579        0.00000000000       0.202432925926       0.251476408029       0.322830409495     
   75.2100000000        102.582631579        0.00000000000       0.203414769475       0.358584478118       0.412262533331     
   50.7500000000        104.019473684        0.00000000000      -1.786792811331E-004 -0.937497092313       0.937497109340     
   52.0373684211        104.019473684        0.00000000000       3.586896429610E-002 -0.920628758176       0.921327245326     
   53.3247368421        104.019473684        0.00000000000       6.048223500422E-002 -0.898072829585       0.900107164725     
   54.6121052632        104.019473684        0.00000000000       8.463518243230E-002 -0.865234555189       0.869364106458     
   55.8994736842        104.019473684        0.00000000000       0.105704792500      -0.822694228031       0.829457229755     
   57.1868421053        104.019473684        0.00000000000       0.122374295724      -0.771947091189       0.781586706546     
   58.4742105263        104.019473684        0.00000000000       0.134355642673      -0.714618877081       0.727139311411     
   59.7615789474        104.019473684        0.00000000000       0.142036829652      -0.652098644944       0.667388270586     
   61.0489473684        104.019473684        0.00000000000       0.146141058135      -0.585387652957       0.603353887124     
   62.3363157895        104.019473684        0.00000000000       0.147451775768      -0.515132303143       0.535820227239     
   63.6236842105        104.019473684        0.00000000000       0.146680222867      -0.441749902680       0.465465427608     
   64.9110526316        104.019473684        0.00000000000       0.144468719590      -0.365530249191       0.393043984834     
   66.1984210526        104.019473684        0.00000000000       0.141433438635      -0.286655442565       0.319647869250     
   67.4857894737        104.019473684        0.00000000000       0.138175796875      -0.205205894931       0.247390400291     
   68.7731578947        104.019473684        0.00000000000       0.135309422496      -0.121181602822       0.181641461893     
   70.0605263158        104.019473684        0.00000000000       0.133515843792      -3.447344991947E-002  0.137894522345     
   71.3478947368        104.019473684        0.00000000000       0.133570376514       5.525992109572E-002  0.144550006439     
   72.6352631579        104.019473684        0.00000000000       0.136233482658       0.148773365312       0.201725248849     
   73.9226315789        104.019473684        0.00000000000       0.141948913926       0.247315697999       0.285157059603     
   75.2100000000        104.019473684        0.00000000000       0.150457528621       0.352402641417       0.383177621471     
   50.7500000000        105.456315789        0.00000000000      -0.156550267380      -0.963300673784       0.975938611968     
   52.0373684211        105.456315789        0.00000000000      -0.122177575229      -0.954531109285       0.962318553537     
   53.3247368421        105.456315789        0.00000000000      -8.336644774492E-002 -0.933599593385       0.937314336484     
   54.6121052632        105.456315789        0.00000000000      -4.590488110182E-002 -0.897382738745       0.898556085009     
   55.8994736842        105.456315789        0.00000000000      -1.396269400825E-002 -0.849026596065       0.849141400269     
   57.1868421053        105.456315789        0.00000000000       1.102215177177E-002 -0.791753110885       0.791829827947     
   58.4742105263        105.456315789        0.00000000000       2.911835854068E-002 -0.728313787464       0.728895638493     
   59.7615789474        105.456315789        0.00000000000       4.137463543650E-002 -0.660735677482       0.662029830110     
   61.0489473684        105.456315789        0.00000000000       4.917094548188E-002 -0.590117870994       0.592162885991     
   62.3363157895        105.456315789        0.00000000000       5.369467039002E-002 -0.516943473149       0.519724611751     
   63.6236842105        105.456315789        0.00000000000       5.579824906076E-002 -0.441463206857       0.444975513491     
   64.9110526316        105.456315789        0.00000000000       5.620133822934E-002 -0.363960130009       0.368273765906     
   66.1984210526        105.456315789        0.00000000000       5.568867933214E-002 -0.284561487911       0.289959427175     
   67.4857894737        105.456315789        0.00000000000       5.493344141029E-002 -0.203227771826       0.210521282123     
   68.7731578947        105.456315789        0.00000000000       5.455166142272E-002 -0.119989671165       0.131808212758     
   70.0605263158        105.456315789        0.00000000000       5.531509184059E-002 -3.498191149383E-002  6.544840347247E-002
   71.3478947368        105.456315789        0.00000000000       5.842037342148E-002  5.180160451948E-002  7.807910259152E-002
   72.6352631579        105.456315789        0.00000000000       6.544473471884E-002  0.141120181929       0.155556803291     
   73.9226315789        105.456315789        0.00000000000       7.773228481542E-002  0.234953281582       0.247477984129     
   75.2100000000        105.456315789        0.00000000000       9.523800255774E-002  0.336361801037       0.349584808492     
   50.7500000000        106.893157895        0.00000000000      -0.344001660476       -1.00218236979        1.05957852221     
   52.0373684211        106.893157895        0.00000000000      -0.286565734198       -1.01006823004        1.04993225942     
   53.3247368421        106.893157895        0.00000000000      -0.223943507594      -0.988348603382        1.01340202111     
   54.6121052632        106.893157895        0.00000000000      -0.168716008452      -0.944261108354       0.959215373239     
   55.8994736842        106.893157895        0.00000000000      -0.124562686567      -0.885960469039       0.894674139329     
   57.1868421053        106.893157895        0.00000000000      -9.146750692692E-002 -0.818689490087       0.823783215417     
   58.4742105263        106.893157895        0.00000000000      -6.885527630018E-002 -0.746569787875       0.749738285832     
   59.7615789474        106.893157895        0.00000000000      -5.385394352748E-002 -0.672843137658       0.674994914890     
   61.0489473684        106.893157895        0.00000000000      -4.381908291671E-002 -0.597807280022       0.599411091051     
   62.3363157895        106.893157895        0.00000000000      -3.707167398444E-002 -0.521467426657       0.522783498282     
   63.6236842105        106.893157895        0.00000000000      -3.301090038998E-002 -0.443382147422       0.444609320861     
   64.9110526316        106.893157895        0.00000000000      -3.122486675515E-002 -0.364640078012       0.365974560313     
   66.1984210526        106.893157895        0.00000000000      -2.993698109420E-002 -0.285134832928       0.286702102862     
   67.4857894737        106.893157895        0.00000000000      -2.873385241003E-002 -0.203956080062       0.205970184417     
   68.7731578947        106.893157895        0.00000000000      -2.732686988162E-002 -0.121160701157       0.124204159844     
   70.0605263158        106.893157895        0.00000000000      -2.549878670768E-002 -3.736745396542E-002  4.523842105359E-002
   71.3478947368        106.893157895        0.00000000000      -2.163012653759E-002  4.576393989725E-002  5.061818417280E-002
   72.6352631579        106.893157895        0.00000000000      -1.229460335748E-002  0.128373698457       0.128961093851     
   73.9226315789        106.893157895        0.00000000000       6.212635732253E-003  0.213147608354       0.213238129306     
   75.2100000000        106.893157895        0.00000000000       3.623688563568E-002  0.307055018585       0.309185860477     
   50.7500000000        108.330000000        0.00000000000      -0.560133580732       -1.07414715300        1.21142136953     
   52.0373684211        108.330000000        0.00000000000      -0.452928248422       -1.10572136587        1.19489068000     
   53.3247368421        108.330000000        0.00000000000      -0.352602740340       -1.06985382855        1.12646167576     
   54.6121052632        108.330000000        0.00000000000      -0.276092986000       -1.00715085277        1.04430846839     
   55.8994736842        108.330000000        0.00000000000      -0.222172227988      -0.932609722766       0.958708190164     
   57.1868421053        108.330000000        0.00000000000      -0.179199104608      -0.850953865492       0.869617617282     
   58.4742105263        108.330000000        0.00000000000      -0.158423701213      -0.764365956907       0.780610905115     
   59.7615789474        108.330000000        0.00000000000      -0.142995312240      -0.687549777188       0.702262312412     
   61.0489473684        108.330000000        0.00000000000      -0.133064073215      -0.606721773081       0.621141978545     
   62.3363157895        108.330000000        0.00000000000      -0.124443940888      -0.529308463368       0.543740511473     
   63.6236842105        108.330000000        0.00000000000      -0.118476775658      -0.444604181661       0.460119141876     
   64.9110526316        108.330000000        0.00000000000      -0.120353980250      -0.366000588370       0.385281080835     
   66.1984210526        108.330000000        0.00000000000      -0.115439162279      -0.289750612381       0.311900012124     
   67.4857894737        108.330000000        0.00000000000      -0.112880484390      -0.207966939097       0.236626819091     
   68.7731578947        108.330000000        0.00000000000      -0.108187825303      -0.125715750398       0.165858540456     
   70.0605263158        108.330000000        0.00000000000      -0.107157239015      -3.757410019350E-002  0.113553894159     
   71.3478947368        108.330000000        0.00000000000      -0.108867207855       4.181603596627E-002  0.116621823901     
   72.6352631579        108.330000000        0.00000000000      -0.102029609158       0.114597749372       0.153436258121     
   73.9226315789        108.330000000        0.00000000000      -8.216790098970E-002  0.182017535911       0.199704650252     
   75.2100000000        108.330000000        0.00000000000      -2.822282216175E-002  0.243913191225       0.245540572094     
