TIME					  B=0					   B=0.5					B=1.0					 B=1.5					  B=2.0					   B=2.5					B=3.0
2.000000000000000042e-03  1.400000000000001243e+01 1.400000000000001243e+01 1.400000000000001243e+01 1.349999999999995559e+01 1.349999999999995559e+01 1.349999999999995559e+01 1.300000000000001066e+01
3.000000000000000062e-03  1.099999999999997335e+01 1.133333333333334281e+01 1.133333333333334281e+01 1.133333333333334281e+01 1.099999999999997335e+01 1.099999999999997335e+01 1.099999999999997335e+01
4.000000000000000083e-03  9.249999999999980460e+00 9.749999999999980460e+00 9.749999999999980460e+00 9.749999999999980460e+00 9.749999999999980460e+00 1.000000000000000888e+01 1.000000000000000888e+01
5.000000000000000104e-03  8.199999999999985079e+00 8.599999999999985434e+00 8.800000000000007816e+00 8.999999999999985789e+00 8.999999999999985789e+00 9.200000000000008171e+00 9.200000000000008171e+00
6.000000000000000125e-03  7.333333333333339255e+00 8.000000000000007105e+00 8.166666666666655416e+00 8.333333333333341031e+00 8.499999999999989342e+00 8.666666666666674956e+00 8.666666666666674956e+00
7.000000000000000146e-03  6.857142857142862979e+00 7.428571428571435042e+00 7.714285714285720630e+00 7.857142857142847880e+00 8.000000000000007105e+00 8.142857142857133468e+00 8.285714285714293581e+00
8.000000000000000167e-03  6.374999999999992006e+00 7.000000000000006217e+00 7.374999999999992895e+00 7.624999999999992895e+00 7.750000000000007105e+00 7.874999999999992895e+00 8.000000000000007105e+00
9.000000000000001055e-03  6.111111111111103611e+00 6.777777777777770574e+00 7.111111111111116934e+00 7.333333333333339255e+00 7.555555555555561575e+00 7.666666666666659857e+00 7.888888888888883066e+00
1.000000000000000021e-02  5.899999999999994138e+00 6.499999999999994671e+00 6.899999999999995026e+00 7.099999999999995204e+00 7.299999999999995381e+00 7.499999999999995559e+00 7.699999999999995737e+00
2.000000000000000042e-02  5.100000000000004086e+00 5.649999999999999467e+00 6.049999999999999822e+00 6.349999999999999645e+00 6.699999999999994849e+00 6.999999999999994671e+00 7.350000000000000533e+00
2.999999999999999889e-02  4.966666666666667673e+00 5.433333333333334458e+00 5.799999999999998046e+00 6.166666666666668739e+00 6.500000000000002665e+00 6.866666666666665364e+00 7.333333333333333037e+00
4.000000000000000083e-02  4.925000000000001599e+00 5.349999999999998757e+00 5.699999999999999289e+00 6.075000000000002842e+00 6.424999999999997158e+00 6.774999999999997691e+00 7.250000000000000888e+00
5.000000000000000278e-02  4.900000000000002132e+00 5.299999999999998046e+00 5.680000000000000604e+00 6.000000000000000888e+00 6.379999999999999005e+00 6.699999999999999289e+00 7.280000000000002025e+00
6.000000000000000472e-02  4.900000000000000355e+00 5.283333333333332327e+00 5.633333333333334636e+00 5.983333333333332504e+00 6.349999999999999645e+00 6.716666666666666785e+00 7.283333333333334103e+00
6.999999999999999278e-02  4.900000000000000355e+00 5.257142857142858894e+00 5.614285714285714768e+00 5.971428571428570642e+00 6.357142857142858539e+00 6.714285714285714413e+00 7.285714285714284699e+00
8.000000000000000167e-02  4.887500000000000178e+00 5.249999999999999112e+00 5.587500000000000355e+00 5.949999999999999289e+00 6.337500000000001243e+00 6.674999999999998934e+00 7.287500000000000533e+00
8.999999999999999667e-02  4.888888888888888395e+00 5.233333333333334281e+00 5.577777777777776613e+00 5.944444444444446418e+00 6.344444444444444997e+00 6.688888888888887330e+00 7.288888888888890527e+00
9.999999999999999167e-02  4.890000000000001457e+00 5.230000000000001315e+00 5.570000000000000284e+00 5.930000000000000604e+00 6.349999999999999645e+00 6.660000000000000142e+00 7.290000000000001812e+00
1.100000000000000006e-01  4.890909090909089763e+00 5.218181818181816922e+00 5.563636363636364379e+00 5.918181818181817100e+00 6.336363636363636864e+00 6.663636363636364912e+00 7.290909090909091006e+00
1.199999999999999956e-01  4.891666666666667496e+00 5.216666666666665897e+00 5.549999999999999822e+00 5.916666666666666963e+00 6.324999999999999289e+00 6.641666666666668384e+00 7.291666666666666963e+00
1.300000000000000044e-01  4.892307692307692690e+00 5.207692307692307843e+00 5.546153846153846878e+00 5.915384615384616573e+00 6.330769230769230482e+00 6.630769230769231193e+00 7.292307692307691269e+00
1.400000000000000133e-01  4.892857142857142350e+00 5.207142857142857295e+00 5.542857142857141817e+00 5.907142857142856585e+00 6.321428571428570287e+00 6.628571428571427226e+00 7.292857142857141817e+00
1.500000000000000222e-01  4.893333333333332646e+00 5.199999999999998401e+00 5.533333333333333215e+00 5.899999999999998579e+00 6.313333333333332575e+00 6.639999999999998792e+00 7.293333333333331225e+00






