    0.7230000000E+03
    0.7240000000E+03
    0.7250000000E+03
    0.7260000000E+03
    0.7270000000E+03
    0.7280000000E+03
    0.7290000000E+03
    0.7300000000E+03
    0.7310000000E+03
    0.7320000000E+03
    0.7330000000E+03
    0.7340000000E+03
    0.7350000000E+03
    0.7360000000E+03
    0.7370000000E+03
    0.7380000000E+03
    0.7390000000E+03
    0.7400000000E+03
    0.7410000000E+03
    0.7420000000E+03
    0.7430000000E+03
    0.7440000000E+03
    0.7450000000E+03
    0.7460000000E+03
    0.7470000000E+03
    0.7480000000E+03
    0.7490000000E+03
    0.7500000000E+03
    0.7510000000E+03
    0.7520000000E+03
    0.7530000000E+03
    0.7540000000E+03
    0.7550000000E+03
    0.7560000000E+03
    0.7570000000E+03
    0.7580000000E+03
    0.7590000000E+03
    0.7600000000E+03
    0.7610000000E+03
    0.7620000000E+03
    0.7630000000E+03
    0.7640000000E+03
    0.7650000000E+03
    0.7660000000E+03
    0.7670000000E+03
    0.7680000000E+03
    0.7690000000E+03
    0.7700000000E+03
    0.7710000000E+03
    0.7720000000E+03
    0.7730000000E+03
    0.7740000000E+03
    0.7750000000E+03
    0.7760000000E+03
    0.7770000000E+03
    0.7780000000E+03
    0.7790000000E+03
    0.7800000000E+03
    0.7810000000E+03
    0.7820000000E+03
    0.7830000000E+03
    0.7840000000E+03
    0.7850000000E+03
    0.7860000000E+03
    0.7870000000E+03
    0.7880000000E+03
    0.7890000000E+03
    0.7900000000E+03
    0.7910000000E+03
    0.7920000000E+03
    0.7930000000E+03
    0.7940000000E+03
    0.7950000000E+03
    0.7960000000E+03
    0.7970000000E+03
    0.7980000000E+03
    0.7990000000E+03
    0.8000000000E+03
    0.8010000000E+03
    0.8020000000E+03
    0.8030000000E+03
    0.8040000000E+03
    0.8050000000E+03
    0.8060000000E+03
    0.8070000000E+03
    0.8080000000E+03
    0.8090000000E+03
    0.8100000000E+03
    0.8110000000E+03
    0.8120000000E+03
    0.8130000000E+03
    0.8140000000E+03
    0.8150000000E+03
    0.8160000000E+03
    0.8170000000E+03
    0.8180000000E+03
    0.8190000000E+03
    0.8200000000E+03
    0.8210000000E+03
    0.8220000000E+03
    0.8230000000E+03
    0.8240000000E+03
    0.8250000000E+03
    0.8260000000E+03
    0.8270000000E+03
    0.8280000000E+03
    0.8290000000E+03
    0.8300000000E+03
    0.8310000000E+03
    0.8320000000E+03
    0.8330000000E+03
    0.8340000000E+03
    0.8350000000E+03
    0.8360000000E+03
    0.8370000000E+03
    0.8380000000E+03
    0.8390000000E+03
    0.8400000000E+03
    0.8410000000E+03
    0.8420000000E+03
    0.8430000000E+03
    0.8440000000E+03
    0.8450000000E+03
    0.8460000000E+03
    0.8470000000E+03
    0.8480000000E+03
    0.8490000000E+03
    0.8500000000E+03
    0.8510000000E+03
    0.8520000000E+03
    0.8530000000E+03
    0.8540000000E+03
    0.8550000000E+03
    0.8560000000E+03
    0.8570000000E+03
    0.8580000000E+03
    0.8590000000E+03
    0.8600000000E+03
    0.8610000000E+03
    0.8620000000E+03
    0.8630000000E+03
    0.8640000000E+03
    0.8650000000E+03
    0.8660000000E+03
    0.8670000000E+03
    0.8680000000E+03
    0.8690000000E+03
    0.8700000000E+03
    0.8710000000E+03
    0.8720000000E+03
    0.8730000000E+03
    0.8740000000E+03
    0.8750000000E+03
    0.8760000000E+03
    0.8770000000E+03
    0.8780000000E+03
    0.8790000000E+03
    0.8800000000E+03
    0.8810000000E+03
    0.8820000000E+03
    0.8830000000E+03
    0.8840000000E+03
    0.8850000000E+03
    0.8860000000E+03
    0.8870000000E+03
    0.8880000000E+03
    0.8890000000E+03
    0.8900000000E+03
    0.8910000000E+03
    0.8920000000E+03
    0.8930000000E+03
    0.8940000000E+03
    0.8950000000E+03
    0.8960000000E+03
    0.8970000000E+03
    0.8980000000E+03
    0.8990000000E+03
    0.9000000000E+03
    0.9010000000E+03
    0.9020000000E+03
    0.9030000000E+03
    0.9040000000E+03
    0.9050000000E+03
    0.9060000000E+03
    0.9070000000E+03
    0.9080000000E+03
    0.9090000000E+03
    0.9100000000E+03
    0.9110000000E+03
    0.9120000000E+03
    0.9130000000E+03
    0.9140000000E+03
    0.9150000000E+03
    0.9160000000E+03
    0.9170000000E+03
    0.9180000000E+03
    0.9190000000E+03
    0.9200000000E+03
    0.9210000000E+03
    0.9220000000E+03
    0.9230000000E+03
    0.9240000000E+03
    0.9250000000E+03
    0.9260000000E+03
    0.9270000000E+03
    0.9280000000E+03
    0.9290000000E+03
    0.9300000000E+03
    0.9310000000E+03
    0.9320000000E+03
    0.9330000000E+03
    0.9340000000E+03
    0.9350000000E+03
    0.9360000000E+03
    0.9370000000E+03
    0.9380000000E+03
    0.9390000000E+03
    0.9400000000E+03
    0.9410000000E+03
    0.9420000000E+03
    0.9430000000E+03
    0.9440000000E+03
    0.9450000000E+03
    0.9460000000E+03
    0.9470000000E+03
    0.9480000000E+03
    0.9490000000E+03
    0.9500000000E+03
    0.9510000000E+03
    0.9520000000E+03
    0.9530000000E+03
    0.9540000000E+03
    0.9550000000E+03
    0.9560000000E+03
    0.9570000000E+03
    0.9580000000E+03
    0.9590000000E+03
    0.9600000000E+03
    0.9610000000E+03
    0.9620000000E+03
    0.9630000000E+03
    0.9640000000E+03
    0.9650000000E+03
    0.9660000000E+03
    0.9670000000E+03
    0.9680000000E+03
    0.9690000000E+03
    0.9700000000E+03
    0.9710000000E+03
    0.9720000000E+03
    0.9730000000E+03
    0.9740000000E+03
    0.9750000000E+03
    0.9760000000E+03
    0.9770000000E+03
    0.9780000000E+03
    0.9790000000E+03
    0.9800000000E+03
    0.9810000000E+03
    0.9820000000E+03
    0.9830000000E+03
    0.9840000000E+03
    0.9850000000E+03
    0.9860000000E+03
    0.9870000000E+03
    0.9880000000E+03
    0.9890000000E+03
    0.9900000000E+03
    0.9910000000E+03
    0.9920000000E+03
    0.9930000000E+03
    0.9940000000E+03
    0.9950000000E+03
    0.9960000000E+03
    0.9970000000E+03
    0.9980000000E+03
    0.9990000000E+03
    0.1000000000E+04
    0.1001000000E+04
    0.1002000000E+04
    0.1003000000E+04
    0.1004000000E+04
    0.1005000000E+04
    0.1006000000E+04
    0.1007000000E+04
    0.1008000000E+04
    0.1009000000E+04
    0.1010000000E+04
    0.1011000000E+04
    0.1012000000E+04
    0.1013000000E+04
    0.1014000000E+04
    0.1015000000E+04
    0.1016000000E+04
    0.1017000000E+04
    0.1018000000E+04
    0.1019000000E+04
    0.1020000000E+04
    0.1021000000E+04
    0.1022000000E+04
    0.1023000000E+04
    0.1024000000E+04
    0.1025000000E+04
    0.1026000000E+04
    0.1027000000E+04
    0.1028000000E+04
    0.1029000000E+04
    0.1030000000E+04
    0.1031000000E+04
    0.1032000000E+04
    0.1033000000E+04
    0.1034000000E+04
    0.1035000000E+04
    0.1036000000E+04
    0.1037000000E+04
    0.1038000000E+04
    0.1039000000E+04
    0.1040000000E+04
    0.1041000000E+04
    0.1042000000E+04
    0.1043000000E+04
    0.1044000000E+04
    0.1045000000E+04
    0.1046000000E+04
    0.1047000000E+04
    0.1048000000E+04
    0.1049000000E+04
    0.1050000000E+04
    0.1051000000E+04
    0.1052000000E+04
    0.1053000000E+04
    0.1054000000E+04
    0.1055000000E+04
    0.1056000000E+04
    0.1057000000E+04
    0.1058000000E+04
    0.1059000000E+04
    0.1060000000E+04
    0.1061000000E+04
    0.1062000000E+04
    0.1063000000E+04
    0.1064000000E+04
    0.1065000000E+04
    0.1066000000E+04
    0.1067000000E+04
    0.1068000000E+04
    0.1069000000E+04
    0.1070000000E+04
    0.1071000000E+04
    0.1072000000E+04
    0.1073000000E+04
    0.1074000000E+04
    0.1075000000E+04
    0.1076000000E+04
    0.1077000000E+04
    0.1078000000E+04
    0.1079000000E+04
    0.1080000000E+04
    0.1081000000E+04
    0.1082000000E+04
    0.1083000000E+04
