    0.3620000000E+03
    0.3630000000E+03
    0.3640000000E+03
    0.3650000000E+03
    0.3660000000E+03
    0.3670000000E+03
    0.3680000000E+03
    0.3690000000E+03
    0.3700000000E+03
    0.3710000000E+03
    0.3720000000E+03
    0.3730000000E+03
    0.3740000000E+03
    0.3750000000E+03
    0.3760000000E+03
    0.3770000000E+03
    0.3780000000E+03
    0.3790000000E+03
    0.3800000000E+03
    0.3810000000E+03
    0.3820000000E+03
    0.3830000000E+03
    0.3840000000E+03
    0.3850000000E+03
    0.3860000000E+03
    0.3870000000E+03
    0.3880000000E+03
    0.3890000000E+03
    0.3900000000E+03
    0.3910000000E+03
    0.3920000000E+03
    0.3930000000E+03
    0.3940000000E+03
    0.3950000000E+03
    0.3960000000E+03
    0.3970000000E+03
    0.3980000000E+03
    0.3990000000E+03
    0.4000000000E+03
    0.4010000000E+03
    0.4020000000E+03
    0.4030000000E+03
    0.4040000000E+03
    0.4050000000E+03
    0.4060000000E+03
    0.4070000000E+03
    0.4080000000E+03
    0.4090000000E+03
    0.4100000000E+03
    0.4110000000E+03
    0.4120000000E+03
    0.4130000000E+03
    0.4140000000E+03
    0.4150000000E+03
    0.4160000000E+03
    0.4170000000E+03
    0.4180000000E+03
    0.4190000000E+03
    0.4200000000E+03
    0.4210000000E+03
    0.4220000000E+03
    0.4230000000E+03
    0.4240000000E+03
    0.4250000000E+03
    0.4260000000E+03
    0.4270000000E+03
    0.4280000000E+03
    0.4290000000E+03
    0.4300000000E+03
    0.4310000000E+03
    0.4320000000E+03
    0.4330000000E+03
    0.4340000000E+03
    0.4350000000E+03
    0.4360000000E+03
    0.4370000000E+03
    0.4380000000E+03
    0.4390000000E+03
    0.4400000000E+03
    0.4410000000E+03
    0.4420000000E+03
    0.4430000000E+03
    0.4440000000E+03
    0.4450000000E+03
    0.4460000000E+03
    0.4470000000E+03
    0.4480000000E+03
    0.4490000000E+03
    0.4500000000E+03
    0.4510000000E+03
    0.4520000000E+03
    0.4530000000E+03
    0.4540000000E+03
    0.4550000000E+03
    0.4560000000E+03
    0.4570000000E+03
    0.4580000000E+03
    0.4590000000E+03
    0.4600000000E+03
    0.4610000000E+03
    0.4620000000E+03
    0.4630000000E+03
    0.4640000000E+03
    0.4650000000E+03
    0.4660000000E+03
    0.4670000000E+03
    0.4680000000E+03
    0.4690000000E+03
    0.4700000000E+03
    0.4710000000E+03
    0.4720000000E+03
    0.4730000000E+03
    0.4740000000E+03
    0.4750000000E+03
    0.4760000000E+03
    0.4770000000E+03
    0.4780000000E+03
    0.4790000000E+03
    0.4800000000E+03
    0.4810000000E+03
    0.4820000000E+03
    0.4830000000E+03
    0.4840000000E+03
    0.4850000000E+03
    0.4860000000E+03
    0.4870000000E+03
    0.4880000000E+03
    0.4890000000E+03
    0.4900000000E+03
    0.4910000000E+03
    0.4920000000E+03
    0.4930000000E+03
    0.4940000000E+03
    0.4950000000E+03
    0.4960000000E+03
    0.4970000000E+03
    0.4980000000E+03
    0.4990000000E+03
    0.5000000000E+03
    0.5010000000E+03
    0.5020000000E+03
    0.5030000000E+03
    0.5040000000E+03
    0.5050000000E+03
    0.5060000000E+03
    0.5070000000E+03
    0.5080000000E+03
    0.5090000000E+03
    0.5100000000E+03
    0.5110000000E+03
    0.5120000000E+03
    0.5130000000E+03
    0.5140000000E+03
    0.5150000000E+03
    0.5160000000E+03
    0.5170000000E+03
    0.5180000000E+03
    0.5190000000E+03
    0.5200000000E+03
    0.5210000000E+03
    0.5220000000E+03
    0.5230000000E+03
    0.5240000000E+03
    0.5250000000E+03
    0.5260000000E+03
    0.5270000000E+03
    0.5280000000E+03
    0.5290000000E+03
    0.5300000000E+03
    0.5310000000E+03
    0.5320000000E+03
    0.5330000000E+03
    0.5340000000E+03
    0.5350000000E+03
    0.5360000000E+03
    0.5370000000E+03
    0.5380000000E+03
    0.5390000000E+03
    0.5400000000E+03
    0.5410000000E+03
    0.5420000000E+03
    0.5430000000E+03
    0.5440000000E+03
    0.5450000000E+03
    0.5460000000E+03
    0.5470000000E+03
    0.5480000000E+03
    0.5490000000E+03
    0.5500000000E+03
    0.5510000000E+03
    0.5520000000E+03
    0.5530000000E+03
    0.5540000000E+03
    0.5550000000E+03
    0.5560000000E+03
    0.5570000000E+03
    0.5580000000E+03
    0.5590000000E+03
    0.5600000000E+03
    0.5610000000E+03
    0.5620000000E+03
    0.5630000000E+03
    0.5640000000E+03
    0.5650000000E+03
    0.5660000000E+03
    0.5670000000E+03
    0.5680000000E+03
    0.5690000000E+03
    0.5700000000E+03
    0.5710000000E+03
    0.5720000000E+03
    0.5730000000E+03
    0.5740000000E+03
    0.5750000000E+03
    0.5760000000E+03
    0.5770000000E+03
    0.5780000000E+03
    0.5790000000E+03
    0.5800000000E+03
    0.5810000000E+03
    0.5820000000E+03
    0.5830000000E+03
    0.5840000000E+03
    0.5850000000E+03
    0.5860000000E+03
    0.5870000000E+03
    0.5880000000E+03
    0.5890000000E+03
    0.5900000000E+03
    0.5910000000E+03
    0.5920000000E+03
    0.5930000000E+03
    0.5940000000E+03
    0.5950000000E+03
    0.5960000000E+03
    0.5970000000E+03
    0.5980000000E+03
    0.5990000000E+03
    0.6000000000E+03
    0.6010000000E+03
    0.6020000000E+03
    0.6030000000E+03
    0.6040000000E+03
    0.6050000000E+03
    0.6060000000E+03
    0.6070000000E+03
    0.6080000000E+03
    0.6090000000E+03
    0.6100000000E+03
    0.6110000000E+03
    0.6120000000E+03
    0.6130000000E+03
    0.6140000000E+03
    0.6150000000E+03
    0.6160000000E+03
    0.6170000000E+03
    0.6180000000E+03
    0.6190000000E+03
    0.6200000000E+03
    0.6210000000E+03
    0.6220000000E+03
    0.6230000000E+03
    0.6240000000E+03
    0.6250000000E+03
    0.6260000000E+03
    0.6270000000E+03
    0.6280000000E+03
    0.6290000000E+03
    0.6300000000E+03
    0.6310000000E+03
    0.6320000000E+03
    0.6330000000E+03
    0.6340000000E+03
    0.6350000000E+03
    0.6360000000E+03
    0.6370000000E+03
    0.6380000000E+03
    0.6390000000E+03
    0.6400000000E+03
    0.6410000000E+03
    0.6420000000E+03
    0.6430000000E+03
    0.6440000000E+03
    0.6450000000E+03
    0.6460000000E+03
    0.6470000000E+03
    0.6480000000E+03
    0.6490000000E+03
    0.6500000000E+03
    0.6510000000E+03
    0.6520000000E+03
    0.6530000000E+03
    0.6540000000E+03
    0.6550000000E+03
    0.6560000000E+03
    0.6570000000E+03
    0.6580000000E+03
    0.6590000000E+03
    0.6600000000E+03
    0.6610000000E+03
    0.6620000000E+03
    0.6630000000E+03
    0.6640000000E+03
    0.6650000000E+03
    0.6660000000E+03
    0.6670000000E+03
    0.6680000000E+03
    0.6690000000E+03
    0.6700000000E+03
    0.6710000000E+03
    0.6720000000E+03
    0.6730000000E+03
    0.6740000000E+03
    0.6750000000E+03
    0.6760000000E+03
    0.6770000000E+03
    0.6780000000E+03
    0.6790000000E+03
    0.6800000000E+03
    0.6810000000E+03
    0.6820000000E+03
    0.6830000000E+03
    0.6840000000E+03
    0.6850000000E+03
    0.6860000000E+03
    0.6870000000E+03
    0.6880000000E+03
    0.6890000000E+03
    0.6900000000E+03
    0.6910000000E+03
    0.6920000000E+03
    0.6930000000E+03
    0.6940000000E+03
    0.6950000000E+03
    0.6960000000E+03
    0.6970000000E+03
    0.6980000000E+03
    0.6990000000E+03
    0.7000000000E+03
    0.7010000000E+03
    0.7020000000E+03
    0.7030000000E+03
    0.7040000000E+03
    0.7050000000E+03
    0.7060000000E+03
    0.7070000000E+03
    0.7080000000E+03
    0.7090000000E+03
    0.7100000000E+03
    0.7110000000E+03
    0.7120000000E+03
    0.7130000000E+03
    0.7140000000E+03
    0.7150000000E+03
    0.7160000000E+03
    0.7170000000E+03
    0.7180000000E+03
    0.7190000000E+03
    0.7200000000E+03
    0.7210000000E+03
    0.7220000000E+03
